#CR M   C   Xi(0P)   Xi(1P)  Xi(2P) Xi(T)
0   0   0   1.274    43.84   0    45.753
0   0   2.2   1.1107    37.753   0    39.877
0   0   4.4   1.4517    29.022   0    30.605
0   0   6.6   1.34    39.611   0    41.727
0   0   8.8   0.988    26.725   0    27.952
0   0   11   1.5935    35.937   0    37.582
0   0   13.2   0.94899    30.536   0    32.124
0   0   15.4   1.4222    29.616   0    31.134
0   0   17.6   1.1608    35.797   0    37.773
0   0   19.8   1.0639    29.119   0    30.386
0   0   22   1.3063    36.461   0    38.42
0   1   0   1.3092    52.223   0    53.936
0   1   2.2   1.1126    39.406   0    41.011
0   1   4.4   1.483    34.269   0    36.064
0   1   6.6   1.2181    44.582   0    46.159
0   1   8.8   1.1253    30.899   0    32.544
0   1   11   1.3654    43.345   0    45.077
0   1   13.2   0.99867    33.603   0    35.065
0   1   15.4   1.3876    35.653   0    37.416
0   1   17.6   1.1373    40.542   0    42.067
0   1   19.8   1.1524    33.728   0    35.337
0   1   22   1.2345    42.391   0    44.03
0   2   0   0.75491    36.842   0    38.296
0   2   2.2   0.66128    20.307   0    21.693
0   2   4.4   0.77292    20.854   0    22.094
0   2   6.6   0.77353    23.678   0    24.977
0   2   8.8   0.5527    17.685   0    19.09
0   2   11   0.83155    27.364   0    28.627
0   2   13.2   0.5604    17.573   0    18.764
0   2   15.4   0.70044    22.529   0    23.9
0   2   17.6   0.6872    22.193   0    23.393
0   2   19.8   0.58531    19.734   0    21.021
0   2   22   0.75846    25.951   0    27.238
0   3   0   0.4314    20.853   0    21.871
0   3   2.2   0.43317    5.996   0    6.6288
0   3   4.4   0.45684    8.1801   0    8.65
0   3   6.6   0.42485    6.2835   0    6.8157
0   3   8.8   0.43502    6.1635   0    6.7501
0   3   11   0.51079    10.326   0    10.916
0   3   13.2   0.38399    5.1893   0    5.7686
0   3   15.4   0.48525    9.7123   0    10.33
0   3   17.6   0.38557    6.4409   0    6.9038
0   3   19.8   0.43353    7.7997   0    8.3958
0   3   22   0.44219    10.419   0    10.944
0   4   0   0.35467    16.092   0    16.754
0   4   2.2   0.32014    4.324   0    4.8382
0   4   4.4   0.29125    5.8842   0    6.2026
0   4   6.6   0.30795    3.8033   0    4.3563
0   4   8.8   0.35425    5.0262   0    5.5031
0   4   11   0.37291    5.3242   0    5.7095
0   4   13.2   0.31833    4.2768   0    4.8066
0   4   15.4   0.40574    6.8933   0    7.3107
0   4   17.6   0.30903    3.9809   0    4.475
0   4   19.8   0.33848    6.5043   0    6.9974
0   4   22   0.35908    6.8367   0    7.2591
0   5   0   0.42251    14.078   0    14.581
0   5   2.2   0.18848    3.2475   0    3.4733
0   5   4.4   0.21558    4.7051   0    4.9319
0   5   6.6   0.23856    3.0834   0    3.396
0   5   8.8   0.23703    5.0446   0    5.3062
0   5   11   0.23515    3.381   0    3.6248
0   5   13.2   0.25701    3.6915   0    3.9652
0   5   15.4   0.27324    5.6619   0    5.9568
0   5   17.6   0.24932    3.2563   0    3.513
0   5   19.8   0.27896    6.4365   0    6.7185
0   5   22   0.23792    6.0994   0    6.344
0   6   0   0.59798    11.13   0    11.846
0   6   2.2   0.16763    2.3119   0    2.59
0   6   4.4   0.19261    2.5784   0    2.8336
0   6   6.6   0.16639    2.1496   0    2.351
0   6   8.8   0.20152    3.9855   0    4.2148
0   6   11   0.18564    1.6764   0    1.8868
0   6   13.2   0.18058    3.2026   0    3.3868
0   6   15.4   0.21607    3.2024   0    3.4272
0   6   17.6   0.18079    2.4738   0    2.6585
0   6   19.8   0.24429    5.1121   0    5.359
0   6   22   0.19706    4.8376   0    5.0442
0   7   0   0.61144    8.9718   0    10.012
0   7   2.2   0.22367    3.3877   0    3.8125
0   7   4.4   0.18044    2.9881   0    3.3168
0   7   6.6   0.12601    2.765   0    2.9671
0   7   8.8   0.17583    2.9837   0    3.1904
0   7   11   0.16332    2.4596   0    2.7324
0   7   13.2   0.17615    3.3484   0    3.543
0   7   15.4   0.18055    2.332   0    2.5539
0   7   17.6   0.1509    3.1142   0    3.3301
0   7   19.8   0.21838    4.0973   0    4.3378
0   7   22   0.17711    5.0099   0    5.276
0   8   0   0.66262    8.6967   0    9.7887
0   8   2.2   0.2839    4.8105   0    5.1562
0   8   4.4   0.16951    4.119   0    4.4571
0   8   6.6   0.10566    4.0058   0    4.2181
0   8   8.8   0.12687    3.7013   0    3.9727
0   8   11   0.12349    3.9884   0    4.3718
0   8   13.2   0.15178    4.2127   0    4.4405
0   8   15.4   0.13325    3.54   0    3.7948
0   8   17.6   0.13061    4.429   0    4.6672
0   8   19.8   0.15724    4.7795   0    5.0386
0   8   22   0.14792    6.5616   0    6.8555
0   9   0   0.8488    8.7768   0    9.9872
0   9   2.2   0.33928    5.3737   0    6.0182
0   9   4.4   0.12413    4.3773   0    4.6547
0   9   6.6   0.14263    4.5569   0    4.8473
0   9   8.8   0.11547    4.2353   0    4.5635
0   9   11   0.10034    4.6523   0    4.9366
0   9   13.2   0.14481    4.4868   0    4.7647
0   9   15.4   0.10536    4.18   0    4.4637
0   9   17.6   0.14185    4.8622   0    5.1422
0   9   19.8   0.13646    5.1409   0    5.4302
0   9   22   0.1557    7.3838   0    7.7036
0   10   0   0.86733    8.9108   0    10.151
0   10   2.2   0.40075    6.03   0    6.6989
0   10   4.4   0.12281    4.4695   0    4.7285
0   10   6.6   0.16073    4.4169   0    4.7978
0   10   8.8   0.14488    4.4164   0    4.7359
0   10   11   0.12505    4.7336   0    5.0656
0   10   13.2   0.1364    4.4555   0    4.8077
0   10   15.4   0.12269    4.5476   0    4.927
0   10   17.6   0.14212    4.6383   0    4.9705
0   10   19.8   0.14448    5.1784   0    5.5439
0   10   22   0.17311    7.4659   0    7.8517
0.6   0   0   1.2166    42.66   0    44.736
0.6   0   2.2   1.0701    36.661   0    38.458
0.6   0   4.4   1.4285    27.973   0    29.459
0.6   0   6.6   1.2961    38.736   0    40.465
0.6   0   8.8   0.99006    26.06   0    27.268
0.6   0   11   1.5031    34.545   0    36.77
0.6   0   13.2   0.96528    29.467   0    31.064
0.6   0   15.4   1.3718    28.712   0    30.211
0.6   0   17.6   1.147    34.669   0    36.422
0.6   0   19.8   1.0681    27.967   0    29.75
0.6   0   22   1.2596    35.006   0    37.052
0.6   1   0   1.1675    53.068   0    54.573
0.6   1   2.2   1.0195    39.534   0    40.978
0.6   1   4.4   1.3189    34.275   0    35.923
0.6   1   6.6   1.1628    45.243   0    46.582
0.6   1   8.8   1.0462    31.041   0    32.578
0.6   1   11   1.2423    44.043   0    45.537
0.6   1   13.2   0.94374    33.993   0    35.185
0.6   1   15.4   1.226    35.87   0    37.495
0.6   1   17.6   1.0839    41.149   0    42.416
0.6   1   19.8   1.0483    33.994   0    35.445
0.6   1   22   1.1437    42.812   0    44.285
0.6   2   0   0.71303    37.485   0    38.612
0.6   2   2.2   0.64824    20.141   0    21.275
0.6   2   4.4   0.73982    20.893   0    21.962
0.6   2   6.6   0.7439    23.508   0    24.704
0.6   2   8.8   0.54706    17.6   0    18.65
0.6   2   11   0.81583    27.539   0    28.715
0.6   2   13.2   0.54609    17.489   0    18.516
0.6   2   15.4   0.72149    22.706   0    23.819
0.6   2   17.6   0.65277    22.123   0    23.211
0.6   2   19.8   0.60063    19.747   0    20.773
0.6   2   22   0.72211    25.947   0    27.08
0.6   3   0   0.44287    20.482   0    21.9
0.6   3   2.2   0.39325    5.8048   0    6.3224
0.6   3   4.4   0.41728    8.0476   0    8.4655
0.6   3   6.6   0.39832    5.8781   0    6.3253
0.6   3   8.8   0.42219    5.8989   0    6.3664
0.6   3   11   0.51366    10.081   0    10.632
0.6   3   13.2   0.37835    4.9999   0    5.4004
0.6   3   15.4   0.46925    9.5647   0    10.067
0.6   3   17.6   0.3716    6.1125   0    6.4995
0.6   3   19.8   0.39598    7.643   0    8.0746
0.6   3   22   0.43029    10.078   0    10.543
0.6   4   0   0.35921    15.49   0    15.89
0.6   4   2.2   0.26172    3.5706   0    3.8944
0.6   4   4.4   0.23839    5.1304   0    5.3893
0.6   4   6.6   0.3023    2.9526   0    3.3449
0.6   4   8.8   0.33578    4.2047   0    4.562
0.6   4   11   0.30956    4.4443   0    4.7686
0.6   4   13.2   0.30407    3.4237   0    3.826
0.6   4   15.4   0.33999    6.1301   0    6.4729
0.6   4   17.6   0.30827    3.1062   0    3.4477
0.6   4   19.8   0.33143    5.7402   0    6.0884
0.6   4   22   0.30393    5.9353   0    6.2861
0.6   5   0   0.45679    13.139   0    13.641
0.6   5   2.2   0.15177    2.2466   0    2.4197
0.6   5   4.4   0.18277    3.8298   0    4.0185
0.6   5   6.6   0.20269    2.0867   0    2.3052
0.6   5   8.8   0.21115    4.4563   0    4.6973
0.6   5   11   0.18545    2.5012   0    2.6868
0.6   5   13.2   0.19049    2.923   0    3.1168
0.6   5   15.4   0.24281    4.9279   0    5.1798
0.6   5   17.6   0.18026    2.3752   0    2.5603
0.6   5   19.8   0.2349    5.7869   0    6.022
0.6   5   22   0.18893    5.269   0    5.4769
0.6   6   0   0.61992    10.393   0    11.093
0.6   6   2.2   0.18415    1.5253   0    1.7488
0.6   6   4.4   0.18988    1.7776   0    1.9746
0.6   6   6.6   0.12275    1.3746   0    1.5042
0.6   6   8.8   0.19161    3.2621   0    3.5888
0.6   6   11   0.143    0.94884   0    1.0925
0.6   6   13.2   0.1476    2.6012   0    2.8203
0.6   6   15.4   0.18375    2.466   0    2.6894
0.6   6   17.6   0.13099    1.8022   0    1.9342
0.6   6   19.8   0.21489    4.4071   0    4.7295
0.6   6   22   0.15452    4.1385   0    4.3197
0.6   7   0   0.61457    8.5743   0    9.3211
0.6   7   2.2   0.20823    2.7189   0    3.0506
0.6   7   4.4   0.16903    2.212   0    2.4513
0.6   7   6.6   0.12318    2.0277   0    2.1606
0.6   7   8.8   0.14681    2.2726   0    2.4362
0.6   7   11   0.15656    1.7161   0    1.9004
0.6   7   13.2   0.14661    2.729   0    2.8834
0.6   7   15.4   0.15512    1.6265   0    1.7931
0.6   7   17.6   0.1453    2.4265   0    2.5826
0.6   7   19.8   0.17297    3.4029   0    3.6088
0.6   7   22   0.16672    4.3188   0    4.5346
0.6   8   0   0.66349    8.256   0    9.1402
0.6   8   2.2   0.25268    4.1264   0    4.5402
0.6   8   4.4   0.1534    3.398   0    3.638
0.6   8   6.6   0.13122    3.2323   0    3.4012
0.6   8   8.8   0.13597    2.8612   0    3.0704
0.6   8   11   0.11706    3.2058   0    3.4067
0.6   8   13.2   0.14916    3.4403   0    3.63
0.6   8   15.4   0.13332    2.69   0    2.8848
0.6   8   17.6   0.14658    3.6322   0    3.8229
0.6   8   19.8   0.15576    3.9718   0    4.1745
0.6   8   22   0.15549    5.8042   0    6.0286
0.6   9   0   0.764    8.3726   0    9.402
0.6   9   2.2   0.31151    4.5432   0    5.0308
0.6   9   4.4   0.13038    3.3988   0    3.6036
0.6   9   6.6   0.16667    3.7218   0    3.9707
0.6   9   8.8   0.11438    3.3057   0    3.5549
0.6   9   11   0.11633    3.7711   0    3.9969
0.6   9   13.2   0.16522    3.6104   0    3.831
0.6   9   15.4   0.10968    3.2635   0    3.4883
0.6   9   17.6   0.1643    3.9995   0    4.2272
0.6   9   19.8   0.14983    4.2428   0    4.4682
0.6   9   22   0.17084    6.5901   0    6.8482
0.6   10   0   0.77953    8.4758   0    9.5367
0.6   10   2.2   0.35651    5.0697   0    5.6469
0.6   10   4.4   0.13588    3.5716   0    3.7751
0.6   10   6.6   0.15431    3.4544   0    3.7599
0.6   10   8.8   0.12569    3.6858   0    3.9995
0.6   10   11   0.13227    3.7845   0    4.0492
0.6   10   13.2   0.13343    3.4916   0    3.7609
0.6   10   15.4   0.11545    3.5922   0    3.8691
0.6   10   17.6   0.14482    3.6642   0    3.9246
0.6   10   19.8   0.13853    4.1784   0    4.464
0.6   10   22   0.17075    6.5687   0    6.8709
1.2   0   0   1.0985    41.776   0    43.527
1.2   0   2.2   0.97563    35.84   0    37.354
1.2   0   4.4   1.2912    27.1   0    28.606
1.2   0   6.6   1.1751    38.059   0    39.59
1.2   0   8.8   0.94326    25.211   0    26.742
1.2   0   11   1.3227    33.516   0    35.248
1.2   0   13.2   0.93846    28.578   0    29.984
1.2   0   15.4   1.2418    27.618   0    29.473
1.2   0   17.6   1.0788    33.816   0    35.306
1.2   0   19.8   1.0139    27.114   0    28.674
1.2   0   22   1.1482    33.932   0    35.569
1.2   1   0   1.0413    54.11   0    55.449
1.2   1   2.2   0.91415    39.796   0    40.922
1.2   1   4.4   1.1243    34.551   0    35.823
1.2   1   6.6   1.1054    45.784   0    47.119
1.2   1   8.8   0.91455    31.374   0    32.516
1.2   1   11   1.1134    44.796   0    46.07
1.2   1   13.2   0.87979    34.392   0    35.427
1.2   1   15.4   1.0472    36.337   0    37.576
1.2   1   17.6   1.0225    41.687   0    42.864
1.2   1   19.8   0.92712    34.437   0    35.521
1.2   1   22   1.0428    43.328   0    44.54
1.2   2   0   0.68981    38.046   0    39.083
1.2   2   2.2   0.56153    19.965   0    20.98
1.2   2   4.4   0.65003    20.994   0    21.987
1.2   2   6.6   0.69801    23.392   0    24.494
1.2   2   8.8   0.52249    17.429   0    18.386
1.2   2   11   0.78141    27.761   0    28.86
1.2   2   13.2   0.47088    17.442   0    18.389
1.2   2   15.4   0.63221    22.825   0    23.867
1.2   2   17.6   0.60156    22.121   0    23.107
1.2   2   19.8   0.51784    19.709   0    20.678
1.2   2   22   0.66613    25.966   0    26.997
1.2   3   0   0.4678    20.283   0    21.491
1.2   3   2.2   0.30376    5.7588   0    6.0827
1.2   3   4.4   0.36275    8.1181   0    8.481
1.2   3   6.6   0.35375    5.6737   0    6.0313
1.2   3   8.8   0.33083    5.6525   0    5.9967
1.2   3   11   0.48549    9.6408   0    10.485
1.2   3   13.2   0.28764    4.8206   0    5.1172
1.2   3   15.4   0.42016    9.5572   0    9.9832
1.2   3   17.6   0.30757    5.9697   0    6.281
1.2   3   19.8   0.32639    7.53   0    7.8651
1.2   3   22   0.38847    9.6254   0    10.306
1.2   4   0   0.3561    14.934   0    15.337
1.2   4   2.2   0.18029    2.931   0    3.1615
1.2   4   4.4   0.18809    4.7099   0    4.9146
1.2   4   6.6   0.23397    2.3069   0    2.5873
1.2   4   8.8   0.23011    3.7676   0    4.0173
1.2   4   11   0.23412    3.8881   0    4.1444
1.2   4   13.2   0.23989    2.7988   0    3.0741
1.2   4   15.4   0.26295    5.7026   0    5.9676
1.2   4   17.6   0.20741    2.5154   0    2.7625
1.2   4   19.8   0.22688    5.2867   0    5.5377
1.2   4   22   0.21726    5.3847   0    5.6545
1.2   5   0   0.46431    12.554   0    13.102
1.2   5   2.2   0.12249    1.6743   0    1.8184
1.2   5   4.4   0.16167    3.0502   0    3.3269
1.2   5   6.6   0.12581    1.5128   0    1.6507
1.2   5   8.8   0.19922    3.98   0    4.3282
1.2   5   11   0.13429    1.8762   0    2.1276
1.2   5   13.2   0.1272    2.4473   0    2.7509
1.2   5   15.4   0.21188    4.2878   0    4.6613
1.2   5   17.6   0.11453    1.8257   0    2.0421
1.2   5   19.8   0.19554    5.28   0    5.6467
1.2   5   22   0.14063    4.6682   0    5.0028
1.2   6   0   0.57645    10.007   0    10.724
1.2   6   2.2   0.18287    1.1348   0    1.3261
1.2   6   4.4   0.14998    1.1758   0    1.4232
1.2   6   6.6   0.083259    0.88428   0    1.0858
1.2   6   8.8   0.19774    2.7468   0    2.9936
1.2   6   11   0.096573    0.468   0    0.6772
1.2   6   13.2   0.13448    2.1697   0    2.3901
1.2   6   15.4   0.1575    1.8714   0    2.131
1.2   6   17.6   0.094169    1.3056   0    1.5271
1.2   6   19.8   0.19565    3.8833   0    4.1673
1.2   6   22   0.12203    3.5729   0    3.8428
1.2   7   0   0.56809    8.3105   0    8.9995
1.2   7   2.2   0.18393    2.3171   0    2.5709
1.2   7   4.4   0.14814    1.8122   0    1.9798
1.2   7   6.6   0.093566    1.6017   0    1.7941
1.2   7   8.8   0.12298    1.7645   0    1.9809
1.2   7   11   0.11406    1.3489   0    1.4662
1.2   7   13.2   0.12916    2.2323   0    2.4362
1.2   7   15.4   0.10884    1.2527   0    1.4107
1.2   7   17.6   0.10566    2.0027   0    2.2251
1.2   7   19.8   0.13855    2.8899   0    3.1637
1.2   7   22   0.12189    3.915   0    4.1978
1.2   8   0   0.57492    8.0412   0    8.7565
1.2   8   2.2   0.2129    3.5175   0    3.814
1.2   8   4.4   0.1383    2.8262   0    3.0053
1.2   8   6.6   0.1301    2.7004   0    2.8835
1.2   8   8.8   0.11757    2.4229   0    2.592
1.2   8   11   0.11919    2.7523   0    2.9122
1.2   8   13.2   0.13846    2.8694   0    3.0848
1.2   8   15.4   0.11409    2.2545   0    2.4093
1.2   8   17.6   0.13184    3.0911   0    3.3106
1.2   8   19.8   0.12809    3.4381   0    3.6813
1.2   8   22   0.14521    5.3349   0    5.587
1.2   9   0   0.65737    8.2268   0    9.0357
1.2   9   2.2   0.25216    3.8781   0    4.181
1.2   9   4.4   0.11926    2.9095   0    3.0753
1.2   9   6.6   0.13802    3.0805   0    3.2878
1.2   9   8.8   0.1164    2.8013   0    2.9959
1.2   9   11   0.14932    3.2182   0    3.4502
1.2   9   13.2   0.14407    3.0221   0    3.2378
1.2   9   15.4   0.1241    2.7583   0    2.9811
1.2   9   17.6   0.14399    3.3558   0    3.5646
1.2   9   19.8   0.15736    3.6471   0    3.875
1.2   9   22   0.17677    6.0293   0    6.2632
1.2   10   0   0.63825    8.3388   0    9.1636
1.2   10   2.2   0.25208    4.3554   0    4.6598
1.2   10   4.4   0.12717    3.1223   0    3.3327
1.2   10   6.6   0.15453    2.9002   0    3.1736
1.2   10   8.8   0.10525    3.1041   0    3.3414
1.2   10   11   0.15102    3.2114   0    3.4786
1.2   10   13.2   0.1318    2.9555   0    3.1682
1.2   10   15.4   0.11677    3.0496   0    3.2798
1.2   10   17.6   0.15547    3.0888   0    3.3432
1.2   10   19.8   0.1379    3.6125   0    3.8463
1.2   10   22   0.17829    6.0263   0    6.3104
1.8   0   0   0.98029    41.315   0    42.761
1.8   0   2.2   0.87707    35.189   0    36.576
1.8   0   4.4   1.1248    26.034   0    27.696
1.8   0   6.6   1.062    37.734   0    39.029
1.8   0   8.8   0.8847    24.488   0    26.024
1.8   0   11   1.1304    32.719   0    34.302
1.8   0   13.2   0.85135    27.992   0    29.229
1.8   0   15.4   1.0905    26.756   0    28.431
1.8   0   17.6   0.99124    33.247   0    34.572
1.8   0   19.8   0.94289    26.389   0    27.879
1.8   0   22   1.0255    33.044   0    34.521
1.8   1   0   0.89268    54.698   0    56.369
1.8   1   2.2   0.78353    39.975   0    40.992
1.8   1   4.4   0.9751    34.77   0    35.872
1.8   1   6.6   0.9632    45.807   0    47.586
1.8   1   8.8   0.77957    31.63   0    32.617
1.8   1   11   0.99514    45.368   0    46.737
1.8   1   13.2   0.72521    34.801   0    35.741
1.8   1   15.4   0.91098    36.752   0    37.825
1.8   1   17.6   0.87743    42.039   0    43.299
1.8   1   19.8   0.78375    34.78   0    35.772
1.8   1   22   0.90843    43.551   0    44.886
1.8   2   0   0.72897    38.571   0    39.636
1.8   2   2.2   0.50241    19.84   0    20.77
1.8   2   4.4   0.59438    21.124   0    22.008
1.8   2   6.6   0.67142    23.215   0    24.233
1.8   2   8.8   0.42222    17.292   0    18.183
1.8   2   11   0.76857    27.902   0    28.923
1.8   2   13.2   0.41814    17.403   0    18.273
1.8   2   15.4   0.57364    22.958   0    23.919
1.8   2   17.6   0.56933    22.072   0    22.979
1.8   2   19.8   0.45351    19.701   0    20.586
1.8   2   22   0.63117    25.936   0    26.915
1.8   3   0   0.48479    20.08   0    21.318
1.8   3   2.2   0.24155    5.7694   0    6.0287
1.8   3   4.4   0.33528    8.0478   0    8.5944
1.8   3   6.6   0.28459    5.5781   0    5.8649
1.8   3   8.8   0.23386    5.5878   0    5.8385
1.8   3   11   0.44111    9.1837   0    10.142
1.8   3   13.2   0.2033    4.7832   0    4.9977
1.8   3   15.4   0.36283    9.2708   0    10
1.8   3   17.6   0.24686    5.9163   0    6.1727
1.8   3   19.8   0.24947    7.5557   0    7.8198
1.8   3   22   0.32991    9.1335   0    10.08
1.8   4   0   0.34919    14.619   0    15.086
1.8   4   2.2   0.13974    2.6221   0    2.8064
1.8   4   4.4   0.17514    4.3493   0    4.6179
1.8   4   6.6   0.15294    1.9821   0    2.176
1.8   4   8.8   0.17072    3.6212   0    3.8815
1.8   4   11   0.18143    3.5791   0    3.7894
1.8   4   13.2   0.14749    2.55   0    2.7371
1.8   4   15.4   0.21392    5.4559   0    5.7396
1.8   4   17.6   0.13578    2.24   0    2.4165
1.8   4   19.8   0.15936    5.1616   0    5.3511
1.8   4   22   0.1572    5.1118   0    5.325
1.8   5   0   0.43314    12.246   0    12.807
1.8   5   2.2   0.12432    1.3766   0    1.5379
1.8   5   4.4   0.15634    2.5811   0    2.7502
1.8   5   6.6   0.095212    1.0879   0    1.3013
1.8   5   8.8   0.2331    3.8175   0    4.0579
1.8   5   11   0.11493    1.4443   0    1.6252
1.8   5   13.2   0.11909    2.2368   0    2.4243
1.8   5   15.4   0.21151    3.9154   0    4.167
1.8   5   17.6   0.093266    1.4629   0    1.6464
1.8   5   19.8   0.19705    5.0555   0    5.2925
1.8   5   22   0.12886    4.2875   0    4.5113
1.8   6   0   0.52679    9.8705   0    10.558
1.8   6   2.2   0.13453    0.99433   0    1.1458
1.8   6   4.4   0.11541    0.83621   0    0.97125
1.8   6   6.6   0.094876    0.57687   0    0.68091
1.8   6   8.8   0.16345    2.4674   0    2.6356
1.8   6   11   0.088759    0.17162   0    0.2859
1.8   6   13.2   0.12606    2.0367   0    2.1631
1.8   6   15.4   0.15536    1.5402   0    1.6955
1.8   6   17.6   0.09996    1.0783   0    1.1826
1.8   6   19.8   0.18333    3.6184   0    3.8062
1.8   6   22   0.12455    3.2892   0    3.4524
1.8   7   0   0.48101    8.2644   0    8.9305
1.8   7   2.2   0.17395    2.1971   0    2.4196
1.8   7   4.4   0.13328    1.6289   0    1.8001
1.8   7   6.6   0.072267    1.3281   0    1.4159
1.8   7   8.8   0.088061    1.4547   0    1.5761
1.8   7   11   0.10387    1.1045   0    1.2418
1.8   7   13.2   0.094497    2.0098   0    2.122
1.8   7   15.4   0.10411    0.97914   0    1.1107
1.8   7   17.6   0.087308    1.7592   0    1.8671
1.8   7   19.8   0.11873    2.6036   0    2.7687
1.8   7   22   0.10729    3.6745   0    3.8373
1.8   8   0   0.48775    7.9647   0    8.6404
1.8   8   2.2   0.19154    3.2023   0    3.4507
1.8   8   4.4   0.12513    2.5162   0    2.694
1.8   8   6.6   0.064399    2.4182   0    2.5286
1.8   8   8.8   0.083739    2.0743   0    2.2229
1.8   8   11   0.092905    2.3907   0    2.5373
1.8   8   13.2   0.076873    2.5607   0    2.6897
1.8   8   15.4   0.090752    1.9199   0    2.0617
1.8   8   17.6   0.075698    2.7908   0    2.9155
1.8   8   19.8   0.085934    3.0982   0    3.2367
1.8   8   22   0.094219    5.0718   0    5.2173
1.8   9   0   0.5583    8.1862   0    8.9003
1.8   9   2.2   0.19596    3.4686   0    3.7082
1.8   9   4.4   0.073462    2.5535   0    2.6848
1.8   9   6.6   0.082261    2.736   0    2.8755
1.8   9   8.8   0.1    2.484   0    2.6576
1.8   9   11   0.078072    2.876   0    3.0165
1.8   9   13.2   0.073277    2.6505   0    2.7811
1.8   9   15.4   0.083501    2.3887   0    2.5321
1.8   9   17.6   0.078328    2.997   0    3.127
1.8   9   19.8   0.08483    3.2573   0    3.393
1.8   9   22   0.10346    5.7364   0    5.8888
1.8   10   0   0.50014    8.3198   0    8.988
1.8   10   2.2   0.18213    3.8314   0    4.061
1.8   10   4.4   0.075287    2.8188   0    2.9519
1.8   10   6.6   0.12214    2.5042   0    2.6954
1.8   10   8.8   0.11075    2.8613   0    3.106
1.8   10   11   0.095541    2.8118   0    2.9758
1.8   10   13.2   0.11294    2.656   0    2.8425
1.8   10   15.4   0.11719    2.6793   0    2.8652
1.8   10   17.6   0.095107    2.6792   0    2.8355
1.8   10   19.8   0.12344    3.201   0    3.3848
1.8   10   22   0.12965    5.6729   0    5.8539
2.4   0   0   0.82448    41.118   0    42.476
2.4   0   2.2   0.75541    34.794   0    36.014
2.4   0   4.4   0.99226    25.115   0    26.706
2.4   0   6.6   0.86719    37.672   0    38.74
2.4   0   8.8   0.78041    24.055   0    25.401
2.4   0   11   0.98643    32.322   0    33.607
2.4   0   13.2   0.70356    27.659   0    28.712
2.4   0   15.4   0.97487    26.09   0    27.628
2.4   0   17.6   0.79941    32.977   0    34.068
2.4   0   19.8   0.83036    25.957   0    27.248
2.4   0   22   0.87911    32.473   0    33.757
2.4   1   0   0.78475    55.386   0    57.363
2.4   1   2.2   0.64156    40.075   0    40.982
2.4   1   4.4   0.78676    35.034   0    36.004
2.4   1   6.6   0.86595    45.836   0    47.861
2.4   1   8.8   0.6036    31.816   0    32.734
2.4   1   11   0.84643    45.581   0    47.361
2.4   1   13.2   0.61389    35.11   0    35.95
2.4   1   15.4   0.71164    37.155   0    38.112
2.4   1   17.6   0.76925    42.067   0    43.666
2.4   1   19.8   0.62531    35.078   0    35.959
2.4   1   22   0.77263    43.493   0    45.174
2.4   2   0   0.69422    38.776   0    40.153
2.4   2   2.2   0.45413    19.653   0    20.588
2.4   2   4.4   0.59119    21.13   0    21.93
2.4   2   6.6   0.60198    22.863   0    23.848
2.4   2   8.8   0.39563    17.082   0    17.936
2.4   2   11   0.73235    27.815   0    28.736
2.4   2   13.2   0.38702    17.249   0    18.111
2.4   2   15.4   0.57117    22.958   0    23.91
2.4   2   17.6   0.5145    21.847   0    22.719
2.4   2   19.8   0.43834    19.591   0    20.477
2.4   2   22   0.59135    25.72   0    26.659
2.4   3   0   0.47825    19.968   0    21.351
2.4   3   2.2   0.22352    5.802   0    6.0535
2.4   3   4.4   0.32102    7.8071   0    8.5676
2.4   3   6.6   0.26174    5.4633   0    5.731
2.4   3   8.8   0.20431    5.5651   0    5.7918
2.4   3   11   0.3728    8.7881   0    9.6908
2.4   3   13.2   0.17652    4.7598   0    4.9533
2.4   3   15.4   0.35211    8.9885   0    9.899
2.4   3   17.6   0.23144    5.8253   0    6.0708
2.4   3   19.8   0.23152    7.4518   0    7.8345
2.4   3   22   0.3117    8.7381   0    9.653
2.4   4   0   0.32929    14.432   0    14.944
2.4   4   2.2   0.11717    2.5086   0    2.7171
2.4   4   4.4   0.1379    4.1041   0    4.2663
2.4   4   6.6   0.13887    1.8445   0    2.0224
2.4   4   8.8   0.17759    3.5669   0    3.7655
2.4   4   11   0.16758    3.2798   0    3.4807
2.4   4   13.2   0.13527    2.4819   0    2.6905
2.4   4   15.4   0.20952    5.2393   0    5.453
2.4   4   17.6   0.12804    2.1186   0    2.3115
2.4   4   19.8   0.16279    5.0605   0    5.2527
2.4   4   22   0.15482    4.8633   0    5.0838
2.4   5   0   0.44556    12.072   0    12.567
2.4   5   2.2   0.059394    1.1888   0    1.2795
2.4   5   4.4   0.090021    2.2759   0    2.3771
2.4   5   6.6   0.074999    0.88154   0    0.97538
2.4   5   8.8   0.17532    3.7877   0    3.9711
2.4   5   11   0.073507    1.201   0    1.2788
2.4   5   13.2   0.083072    2.2757   0    2.3681
2.4   5   15.4   0.15856    3.6777   0    3.839
2.4   5   17.6   0.063512    1.3379   0    1.4148
2.4   5   19.8   0.14865    4.9903   0    5.1439
2.4   5   22   0.090323    4.0899   0    4.2195
2.4   6   0   0.51032    9.8421   0    10.52
2.4   6   2.2   0.075056    0.92749   0    1.0129
2.4   6   4.4   0.04502    0.67224   0    0.73316
2.4   6   6.6   0.027252    0.46771   0    0.49781
2.4   6   8.8   0.11935    2.262   0    2.3859
2.4   6   11   0.027881    0.042487   0    0.070368
2.4   6   13.2   0.077088    2.0367   0    2.1151
2.4   6   15.4   0.078325    1.3324   0    1.4107
2.4   6   17.6   0.030928    1.0244   0    1.0589
2.4   6   19.8   0.11595    3.4533   0    3.5786
2.4   6   22   0.051205    3.154   0    3.2469
2.4   7   0   0.43203    8.3286   0    8.9733
2.4   7   2.2   0.11562    2.2183   0    2.4732
2.4   7   4.4   0.060792    1.518   0    1.5956
2.4   7   6.6   0.026217    1.2584   0    1.2937
2.4   7   8.8   0.032157    1.2961   0    1.3568
2.4   7   11   0.041637    1.0127   0    1.0622
2.4   7   13.2   0.048871    1.9353   0    2.0016
2.4   7   15.4   0.031794    0.87991   0    0.93056
2.4   7   17.6   0.028789    1.7037   0    1.7516
2.4   7   19.8   0.050547    2.4664   0    2.5636
2.4   7   22   0.038658    3.615   0    3.7079
2.4   8   0   0.43913    8.0224   0    8.6707
2.4   8   2.2   0.12206    3.0673   0    3.3389
2.4   8   4.4   0.055337    2.3314   0    2.4326
2.4   8   6.6   0.050895    2.348   0    2.4389
2.4   8   8.8   0.031837    1.9344   0    2.0221
2.4   8   11   0.047104    2.2869   0    2.3809
2.4   8   13.2   0.046903    2.4363   0    2.5316
2.4   8   15.4   0.033786    1.8092   0    1.8875
2.4   8   17.6   0.046975    2.7001   0    2.794
2.4   8   19.8   0.039391    2.9575   0    3.0449
2.4   8   22   0.055381    5.0235   0    5.13
2.4   9   0   0.48893    8.2695   0    8.9361
2.4   9   2.2   0.12365    3.2521   0    3.5025
2.4   9   4.4   0.037702    2.4779   0    2.5653
2.4   9   6.6   0.068009    2.595   0    2.7142
2.4   9   8.8   0.04918    2.3414   0    2.4513
2.4   9   11   0.061134    2.7696   0    2.8863
2.4   9   13.2   0.043807    2.4926   0    2.5866
2.4   9   15.4   0.049209    2.2753   0    2.3764
2.4   9   17.6   0.06022    2.851   0    2.9586
2.4   9   19.8   0.052118    3.0906   0    3.19
2.4   9   22   0.081565    5.6608   0    5.7901
2.4   10   0   0.39184    8.3318   0    8.9136
2.4   10   2.2   0.16371    3.5383   0    3.7597
2.4   10   4.4   0.04193    2.7894   0    2.8811
2.4   10   6.6   0.072289    2.3638   0    2.4956
2.4   10   8.8   0.086977    2.7098   0    2.8686
2.4   10   11   0.061663    2.6647   0    2.7848
2.4   10   13.2   0.058424    2.5194   0    2.6391
2.4   10   15.4   0.071543    2.5447   0    2.6759
2.4   10   17.6   0.054172    2.5277   0    2.6353
2.4   10   19.8   0.073757    3.0345   0    3.1597
2.4   10   22   0.089271    5.5712   0    5.7081
3   0   0   0.68588    41.249   0    42.502
3   0   2.2   0.63254    34.553   0    35.698
3   0   4.4   0.83985    24.474   0    25.842
3   0   6.6   0.73325    37.67   0    38.639
3   0   8.8   0.66338    23.802   0    25.074
3   0   11   0.78288    32.224   0    33.323
3   0   13.2   0.6142    27.455   0    28.406
3   0   15.4   0.7781    25.688   0    27.044
3   0   17.6   0.67861    32.844   0    33.805
3   0   19.8   0.69545    25.703   0    26.902
3   0   22   0.7281    32.129   0    33.279
3   1   0   0.75636    56.051   0    58.277
3   1   2.2   0.58995    39.884   0    40.937
3   1   4.4   0.67144    35.221   0    36.107
3   1   6.6   0.83401    45.79   0    47.821
3   1   8.8   0.5214    31.872   0    32.741
3   1   11   0.79897    45.803   0    47.776
3   1   13.2   0.57278    35.218   0    36.053
3   1   15.4   0.62421    37.451   0    38.357
3   1   17.6   0.73187    42.06   0    43.855
3   1   19.8   0.55941    35.225   0    36.077
3   1   22   0.72385    43.441   0    45.373
3   2   0   0.74155    38.854   0    40.458
3   2   2.2   0.37799    19.364   0    20.397
3   2   4.4   0.52354    20.941   0    21.735
3   2   6.6   0.5444    22.31   0    23.337
3   2   8.8   0.3218    16.754   0    17.65
3   2   11   0.68308    27.453   0    28.388
3   2   13.2   0.31878    16.943   0    17.904
3   2   15.4   0.50403    22.769   0    23.737
3   2   17.6   0.45148    21.412   0    22.3
3   2   19.8   0.36775    19.335   0    20.284
3   2   22   0.52833    25.268   0    26.207
3   3   0   0.50672    19.919   0    21.54
3   3   2.2   0.13899    5.795   0    6.0632
3   3   4.4   0.25667    7.5965   0    8.402
3   3   6.6   0.18278    5.2916   0    5.5765
3   3   8.8   0.15226    5.511   0    5.7731
3   3   11   0.318    8.4324   0    9.4329
3   3   13.2   0.12765    4.6986   0    4.9378
3   3   15.4   0.27762    8.7572   0    9.7316
3   3   17.6   0.15955    5.6464   0    5.8915
3   3   19.8   0.16718    7.3202   0    7.7939
3   3   22   0.22926    8.4107   0    9.4071
3   4   0   0.372    14.301   0    14.896
3   4   2.2   0.060988    2.4939   0    2.7943
3   4   4.4   0.094331    3.9275   0    4.0442
3   4   6.6   0.087459    1.81   0    2.0336
3   4   8.8   0.1089    3.6671   0    3.7914
3   4   11   0.085084    3.0938   0    3.2124
3   4   13.2   0.072131    2.5257   0    2.6397
3   4   15.4   0.13007    5.1079   0    5.2414
3   4   17.6   0.066009    2.0593   0    2.1673
3   4   19.8   0.083521    5.1027   0    5.2125
3   4   22   0.077848    4.7204   0    4.8502
3   5   0   0.50442    11.951   0    12.509
3   5   2.2   0.049739    1.1581   0    1.2341
3   5   4.4   0.072871    2.0452   0    2.131
3   5   6.6   0.033583    0.83189   0    0.87832
3   5   8.8   0.16693    3.7774   0    3.9539
3   5   11   0.024245    1.0589   0    1.0876
3   5   13.2   0.062685    2.4339   0    2.5055
3   5   15.4   0.11369    3.4784   0    3.5963
3   5   17.6   0.026079    1.3438   0    1.3822
3   5   19.8   0.11698    4.9728   0    5.0984
3   5   22   0.048974    3.9732   0    4.0644
3   6   0   0.53169    9.8442   0    10.57
3   6   2.2   0.065356    0.98183   0    1.0529
3   6   4.4   0.027313    0.59988   0    0.64211
3   6   6.6   0.022617    0.4516   0    0.47487
3   6   8.8   0.11237    2.0517   0    2.167
3   6   11   1.1848e-13    1.5446e-13   0    2.7293e-13
3   6   13.2   0.082226    2.0591   0    2.1464
3   6   15.4   0.044843    1.1652   0    1.2121
3   6   17.6   0.023452    1.0405   0    1.0684
3   6   19.8   0.094114    3.2981   0    3.4053
3   6   22   0.031982    3.0721   0    3.1488
3   7   0   0.42761    8.4322   0    9.1071
3   7   2.2   0.084195    2.2924   0    2.4893
3   7   4.4   0.04181    1.5335   0    1.5869
3   7   6.6   0.043036    1.2871   0    1.336
3   7   8.8   0.024252    1.2044   0    1.2561
3   7   11   0.029697    1.0437   0    1.0775
3   7   13.2   0.056651    1.9124   0    1.9879
3   7   15.4   0.0098651    0.87719   0    0.90523
3   7   17.6   0.035644    1.7378   0    1.7919
3   7   19.8   0.035791    2.391   0    2.4755
3   7   22   0.033661    3.6457   0    3.7358
3   8   0   0.43166    8.1293   0    8.8045
3   8   2.2   0.078733    3.019   0    3.2735
3   8   4.4   0.059298    2.3324   0    2.4341
3   8   6.6   0.092299    2.3737   0    2.5049
3   8   8.8   0.037787    1.9181   0    2.0093
3   8   11   0.073252    2.3336   0    2.4507
3   8   13.2   0.068802    2.3989   0    2.5176
3   8   15.4   0.042756    1.8377   0    1.9252
3   8   17.6   0.079754    2.7146   0    2.8434
3   8   19.8   0.050778    2.9183   0    3.0189
3   8   22   0.081433    5.0872   0    5.2249
3   9   0   0.45169    8.3904   0    9.0542
3   9   2.2   0.06927    3.136   0    3.3767
3   9   4.4   0.065415    2.5755   0    2.6919
3   9   6.6   0.099004    2.5598   0    2.71
3   9   8.8   0.059377    2.3569   0    2.4751
3   9   11   0.102    2.7923   0    2.9501
3   9   13.2   0.063166    2.4566   0    2.5688
3   9   15.4   0.076472    2.3174   0    2.4451
3   9   17.6   0.093509    2.8182   0    2.9619
3   9   19.8   0.074238    3.0563   0    3.1793
3   9   22   0.11591    5.6988   0    5.8677
3   10   0   0.32218    8.3789   0    8.9266
3   10   2.2   0.088441    3.3903   0    3.6659
3   10   4.4   0.066162    2.9118   0    3.0275
3   10   6.6   0.075615    2.3938   0    2.5274
3   10   8.8   0.085171    2.7637   0    2.9147
3   10   11   0.08323    2.6712   0    2.8121
3   10   13.2   0.061971    2.5583   0    2.6797
3   10   15.4   0.089321    2.5942   0    2.7416
3   10   17.6   0.06874    2.544   0    2.6656
3   10   19.8   0.084831    3.0472   0    3.1833
3   10   22   0.10795    5.6269   0    5.7846
3.6   0   0   0.5997    41.652   0    42.82
3.6   0   2.2   0.55554    34.434   0    35.553
3.6   0   4.4   0.69289    24.076   0    25.365
3.6   0   6.6   0.67124    37.825   0    38.767
3.6   0   8.8   0.59575    23.698   0    24.998
3.6   0   11   0.65371    32.326   0    33.341
3.6   0   13.2   0.55314    27.348   0    28.291
3.6   0   15.4   0.64898    25.504   0    26.822
3.6   0   17.6   0.61878    32.835   0    33.77
3.6   0   19.8   0.60756    25.594   0    26.766
3.6   0   22   0.63345    31.963   0    33.012
3.6   1   0   0.70921    56.777   0    59.209
3.6   1   2.2   0.50026    39.737   0    40.872
3.6   1   4.4   0.60834    35.333   0    36.225
3.6   1   6.6   0.7399    45.69   0    47.902
3.6   1   8.8   0.45287    31.819   0    32.743
3.6   1   11   0.73169    46.023   0    48.127
3.6   1   13.2   0.47403    35.162   0    36.073
3.6   1   15.4   0.56128    37.645   0    38.62
3.6   1   17.6   0.62703    42.032   0    43.84
3.6   1   19.8   0.47785    35.239   0    36.166
3.6   1   22   0.63996    43.392   0    45.411
3.6   2   0   0.85261    38.966   0    40.75
3.6   2   2.2   0.3618    19.055   0    20.247
3.6   2   4.4   0.52237    20.619   0    21.528
3.6   2   6.6   0.53529    21.667   0    22.873
3.6   2   8.8   0.30135    16.376   0    17.4
3.6   2   11   0.67997    26.902   0    27.987
3.6   2   13.2   0.31149    16.573   0    17.683
3.6   2   15.4   0.50383    22.454   0    23.538
3.6   2   17.6   0.4366    20.86   0    21.902
3.6   2   19.8   0.36682    19   0    20.074
3.6   2   22   0.51647    24.669   0    25.744
3.6   3   0   0.57957    19.981   0    21.894
3.6   3   2.2   0.10606    5.8064   0    6.092
3.6   3   4.4   0.23659    7.4596   0    8.2418
3.6   3   6.6   0.14505    5.1385   0    5.4359
3.6   3   8.8   0.11094    5.463   0    5.7346
3.6   3   11   0.26787    8.1842   0    9.3509
3.6   3   13.2   0.090909    4.6565   0    4.9551
3.6   3   15.4   0.23617    8.6208   0    9.583
3.6   3   17.6   0.11968    5.4517   0    5.7078
3.6   3   19.8   0.13233    7.3478   0    7.7489
3.6   3   22   0.18312    8.2079   0    9.2309
3.6   4   0   0.45962    14.248   0    14.973
3.6   4   2.2   0.060887    2.5861   0    2.9699
3.6   4   4.4   0.097194    3.8344   0    3.9549
3.6   4   6.6   0.066484    1.8883   0    2.1282
3.6   4   8.8   0.10278    3.8927   0    4.0069
3.6   4   11   0.051944    3.0426   0    3.1278
3.6   4   13.2   0.057083    2.7716   0    2.8682
3.6   4   15.4   0.099963    5.065   0    5.168
3.6   4   17.6   0.043122    2.1732   0    2.2557
3.6   4   19.8   0.066739    5.2778   0    5.3679
3.6   4   22   0.049019    4.7055   0    4.8031
3.6   5   0   0.53539    11.904   0    12.619
3.6   5   2.2   0.083863    1.2779   0    1.3837
3.6   5   4.4   0.095236    1.9087   0    2.0194
3.6   5   6.6   0.052271    0.92268   0    0.98324
3.6   5   8.8   0.19375    3.7791   0    3.9821
3.6   5   11   0.02295    1.0273   0    1.055
3.6   5   13.2   0.099176    2.6806   0    2.7906
3.6   5   15.4   0.10623    3.3305   0    3.4418
3.6   5   17.6   0.046062    1.4673   0    1.5249
3.6   5   19.8   0.12931    4.9951   0    5.1353
3.6   5   22   0.055758    3.9375   0    4.0378
3.6   6   0   0.52372    9.9083   0    10.747
3.6   6   2.2   0.097449    1.1652   0    1.2666
3.6   6   4.4   0.054994    0.6425   0    0.71171
3.6   6   6.6   0.06719    0.53004   0    0.59761
3.6   6   8.8   0.132    1.867   0    2
3.6   6   11   0.022579    0.063277   0    0.085856
3.6   6   13.2   0.12616    2.1143   0    2.248
3.6   6   15.4   0.048888    1.0721   0    1.125
3.6   6   17.6   0.065005    1.1328   0    1.2041
3.6   6   19.8   0.10791    3.176   0    3.3
3.6   6   22   0.057656    3.0614   0    3.1669
3.6   7   0   0.42869    8.5967   0    9.3353
3.6   7   2.2   0.10624    2.4315   0    2.6885
3.6   7   4.4   0.081165    1.6811   0    1.772
3.6   7   6.6   0.10618    1.4126   0    1.5241
3.6   7   8.8   0.056054    1.2083   0    1.2932
3.6   7   11   0.07685    1.2019   0    1.2825
3.6   7   13.2   0.1035    1.9548   0    2.081
3.6   7   15.4   0.037805    0.9913   0    1.0472
3.6   7   17.6   0.092825    1.8652   0    1.9767
3.6   7   19.8   0.064404    2.4002   0    2.5158
3.6   7   22   0.080228    3.7766   0    3.9177
3.6   8   0   0.4029    8.3004   0    9.0312
3.6   8   2.2   0.092438    3.0609   0    3.3305
3.6   8   4.4   0.12099    2.5038   0    2.6676
3.6   8   6.6   0.15009    2.4929   0    2.7024
3.6   8   8.8   0.090633    2.0363   0    2.1826
3.6   8   11   0.152    2.518   0    2.7126
3.6   8   13.2   0.12698    2.4604   0    2.6414
3.6   8   15.4   0.10348    2.0111   0    2.1612
3.6   8   17.6   0.14577    2.8323   0    3.0407
3.6   8   19.8   0.10584    2.992   0    3.1528
3.6   8   22   0.15458    5.2613   0    5.4797
3.6   9   0   0.40488    8.5587   0    9.245
3.6   9   2.2   0.068921    3.1254   0    3.3528
3.6   9   4.4   0.13786    2.8246   0    3.0189
3.6   9   6.6   0.15772    2.6411   0    2.8576
3.6   9   8.8   0.11887    2.537   0    2.719
3.6   9   11   0.1668    2.9367   0    3.1778
3.6   9   13.2   0.11848    2.5555   0    2.7267
3.6   9   15.4   0.14895    2.5114   0    2.7166
3.6   9   17.6   0.14909    2.9082   0    3.1255
3.6   9   19.8   0.1367    3.1624   0    3.3529
3.6   9   22   0.17444    5.8547   0    6.104
3.6   10   0   0.2836    8.47   0    9.0218
3.6   10   2.2   0.070188    3.3927   0    3.6155
3.6   10   4.4   0.13173    3.165   0    3.3498
3.6   10   6.6   0.12377    2.6015   0    2.7879
3.6   10   8.8   0.14146    3.0125   0    3.2219
3.6   10   11   0.1458    2.8317   0    3.0399
3.6   10   13.2   0.11434    2.7787   0    2.9569
3.6   10   15.4   0.15611    2.8208   0    3.0374
3.6   10   17.6   0.12684    2.7321   0    2.9169
3.6   10   19.8   0.14447    3.2399   0    3.4418
3.6   10   22   0.17202    5.8384   0    6.0667
4.2   0   0   0.51629    42.347   0    43.548
4.2   0   2.2   0.5208    34.476   0    35.678
4.2   0   4.4   0.6088    23.949   0    25.213
4.2   0   6.6   0.5702    38.149   0    39.135
4.2   0   8.8   0.57014    23.77   0    25.12
4.2   0   11   0.58697    32.69   0    33.715
4.2   0   13.2   0.48082    27.432   0    28.422
4.2   0   15.4   0.58239    25.568   0    26.871
4.2   0   17.6   0.52731    33.031   0    34
4.2   0   19.8   0.56249    25.661   0    26.862
4.2   0   22   0.57405    32.001   0    33.058
4.2   1   0   2808.6    1.0055   0    2811.5
4.2   1   2.2   2784.6    39.677   0    3152.5
4.2   1   4.4   2809    35.472   0    3168.8
4.2   1   6.6   2810.9    45.643   0    3186
4.2   1   8.8   2797.5    31.768   0    3152.4
4.2   1   11   2822.8    46.31   0    3197.4
4.2   1   13.2   2795.3    35.074   0    3156.3
4.2   1   15.4   2808.4    37.84   0    3172.3
4.2   1   17.6   2810.1    42.072   0    3180.9
4.2   1   19.8   2799.8    35.239   0    3160.7
4.2   1   22   2813.2    43.42   0    3185.8
4.2   2   0   2771.8    39.118   0    3139.9
4.2   2   2.2   2745.1    18.807   0    3088
4.2   2   4.4   2781.2    20.315   0    3122.2
4.2   2   6.6   2764.2    21.124   0    3108.7
4.2   2   8.8   0.32154    16.087   0    17.305
4.2   2   11   0.70379    26.344   0    27.667
4.2   2   13.2   0.33218    16.295   0    17.628
4.2   2   15.4   0.54674    22.16   0    23.462
4.2   2   17.6   0.45449    20.374   0    21.66
4.2   2   19.8   0.41373    18.734   0    20.038
4.2   2   22   0.53776    24.092   0    25.395
4.2   3   0   0.64029    20.142   0    22.449
4.2   3   2.2   0.10828    5.8838   0    6.3015
4.2   3   4.4   0.24301    7.4987   0    8.1209
4.2   3   6.6   0.14705    5.1417   0    5.4947
4.2   3   8.8   0.11493    5.5322   0    5.8623
4.2   3   11   0.24404    8.1571   0    9.064
4.2   3   13.2   0.10028    4.7543   0    5.1198
4.2   3   15.4   0.22608    8.6691   0    9.4566
4.2   3   17.6   0.11595    5.3833   0    5.6899
4.2   3   19.8   0.13896    7.5193   0    7.8491
4.2   3   22   0.169    8.2287   0    8.9969
4.2   4   0   0.49172    14.347   0    15.22
4.2   4   2.2   0.096816    2.8499   0    3.3578
4.2   4   4.4   0.12747    3.9007   0    4.0518
4.2   4   6.6   0.092876    2.1431   0    2.4975
4.2   4   8.8   0.13393    4.2714   0    4.4127
4.2   4   11   0.053733    3.0999   0    3.2797
4.2   4   13.2   0.093128    3.2435   0    3.3728
4.2   4   15.4   0.10106    5.1708   0    5.2747
4.2   4   17.6   0.064862    2.4469   0    2.6064
4.2   4   19.8   0.090408    5.6207   0    5.7317
4.2   4   22   0.057957    4.8644   0    4.9817
4.2   5   0   0.5437    12.008   0    12.931
4.2   5   2.2   0.1422    1.5985   0    1.7572
4.2   5   4.4   0.13955    1.9485   0    2.1052
4.2   5   6.6   0.10768    1.1941   0    1.3071
4.2   5   8.8   0.20257    3.858   0    4.1
4.2   5   11   0.053042    1.1746   0    1.232
4.2   5   13.2   0.14394    3.0576   0    3.2351
4.2   5   15.4   0.11947    3.3142   0    3.439
4.2   5   17.6   0.10086    1.7567   0    1.8679
4.2   5   19.8   0.16432    5.1199   0    5.2962
4.2   5   22   0.09152    4.0511   0    4.1876
4.2   6   0   0.50107    10.122   0    11.047
4.2   6   2.2   0.15486    1.4863   0    1.6963
4.2   6   4.4   0.11123    0.87803   0    1.0013
4.2   6   6.6   0.12342    0.76646   0    0.90469
4.2   6   8.8   0.13689    1.8088   0    1.9717
4.2   6   11   0.077538    0.30613   0    0.3837
4.2   6   13.2   0.1261    2.2803   0    2.4764
4.2   6   15.4   0.075838    1.1487   0    1.2296
4.2   6   17.6   0.11224    1.3732   0    1.5136
4.2   6   19.8   0.13424    3.1818   0    3.3406
4.2   6   22   0.1094    3.2073   0    3.3659
4.2   7   0   0.39363    8.8973   0    9.7101
4.2   7   2.2   0.15404    2.708   0    3.1042
4.2   7   4.4   0.1573    2.0194   0    2.1841
4.2   7   6.6   0.1396    1.6968   0    1.893
4.2   7   8.8   0.11136    1.3981   0    1.5378
4.2   7   11   0.15971    1.5475   0    1.7102
4.2   7   13.2   0.11451    2.1462   0    2.3405
4.2   7   15.4   0.097097    1.298   0    1.412
4.2   7   17.6   0.12946    2.1521   0    2.3467
4.2   7   19.8   0.11752    2.5789   0    2.7495
4.2   7   22   0.13823    4.0775   0    4.2992
4.2   8   0   0.35628    8.6012   0    9.3935
4.2   8   2.2   0.14287    3.2564   0    3.6253
4.2   8   4.4   0.18509    2.8888   0    3.1427
4.2   8   6.6   0.15705    2.7706   0    3.0694
4.2   8   8.8   0.17038    2.3555   0    2.5844
4.2   8   11   0.18504    2.8866   0    3.1822
4.2   8   13.2   0.12899    2.6962   0    2.9556
4.2   8   15.4   0.16561    2.3869   0    2.6264
4.2   8   17.6   0.14823    3.1163   0    3.4214
4.2   8   19.8   0.13756    3.2496   0    3.4936
4.2   8   22   0.16557    5.6037   0    5.9265
4.2   9   0   0.33544    8.839   0    9.5548
4.2   9   2.2   0.10374    3.2878   0    3.5886
4.2   9   4.4   0.15628    3.2643   0    3.5541
4.2   9   6.6   0.16461    2.9136   0    3.2104
4.2   9   8.8   0.1897    2.9359   0    3.2117
4.2   9   11   0.17809    3.2593   0    3.598
4.2   9   13.2   0.15014    2.8613   0    3.1122
4.2   9   15.4   0.18706    2.9128   0    3.2162
4.2   9   17.6   0.15351    3.1901   0    3.4966
4.2   9   19.8   0.16684    3.4736   0    3.7535
4.2   9   22   0.18384    6.1898   0    6.5371
4.2   10   0   0.2646    8.6647   0    9.2426
4.2   10   2.2   0.091528    3.6109   0    3.8726
4.2   10   4.4   0.16283    3.5921   0    3.8628
4.2   10   6.6   0.16635    3.0422   0    3.3114
4.2   10   8.8   0.1814    3.4947   0    3.7968
4.2   10   11   0.18985    3.2007   0    3.4976
4.2   10   13.2   0.16781    3.2307   0    3.4994
4.2   10   15.4   0.2025    3.2684   0    3.5791
4.2   10   17.6   0.19358    3.1473   0    3.4234
4.2   10   19.8   0.18761    3.6619   0    3.9584
4.2   10   22   0.22144    6.256   0    6.5829
4.8   0   0   0.48432    43.362   0    44.67
4.8   0   2.2   0.44923    34.732   0    36.074
4.8   0   4.4   0.55556    24.137   0    25.393
4.8   0   6.6   0.51211    38.684   0    39.756
4.8   0   8.8   0.50508    24.066   0    25.513
4.8   0   11   0.50997    33.359   0    34.458
4.8   0   13.2   0.44448    27.729   0    28.819
4.8   0   15.4   0.50706    25.916   0    27.255
4.8   0   17.6   0.47338    33.464   0    34.504
4.8   0   19.8   0.47243    25.957   0    27.239
4.8   0   22   0.49678    32.286   0    33.412
4.8   1   0   2804.6    58.601   0    3196.1
4.8   1   2.2   2776.3    39.828   0    3144.5
4.8   1   4.4   2805    35.766   0    3165.5
4.8   1   6.6   2802.8    45.764   0    3179.3
4.8   1   8.8   2792.8    31.855   0    3147.9
4.8   1   11   2817.4    46.747   0    3193.6
4.8   1   13.2   2789    35.109   0    3150.3
4.8   1   15.4   2804.5    38.163   0    3169
4.8   1   17.6   2803.4    42.283   0    3175.5
4.8   1   19.8   2795.1    35.363   0    3156.4
4.8   1   22   2807.7    43.611   0    3181.5
4.8   2   0   2762.7    39.318   0    3131.4
4.8   2   2.2   2733.6    18.716   0    3078
4.8   2   4.4   2772.4    20.181   0    3113.7
4.8   2   6.6   2751.9    20.853   0    3097.4
4.8   2   8.8   0.3406    16.017   0    17.482
4.8   2   11   0.71807    25.957   0    27.556
4.8   2   13.2   0.34606    16.252   0    17.78
4.8   2   15.4   0.5958    22.032   0    23.598
4.8   2   17.6   0.49074    20.117   0    21.658
4.8   2   19.8   0.4574    18.674   0    20.254
4.8   2   22   0.57558    23.701   0    25.273
4.8   3   0   0.67871    20.481   0    22.816
4.8   3   2.2   0.131    6.0832   0    6.7637
4.8   3   4.4   0.262    7.7113   0    8.158
4.8   3   6.6   0.17459    5.3255   0    5.835
4.8   3   8.8   0.14413    5.809   0    6.2197
4.8   3   11   0.23644    8.4231   0    9.014
4.8   3   13.2   0.13793    5.0826   0    5.5403
4.8   3   15.4   0.23232    8.9569   0    9.5147
4.8   3   17.6   0.13522    5.5519   0    5.9301
4.8   3   19.8   0.16908    7.7564   0    8.1679
4.8   3   22   0.17428    8.5289   0    8.9928
4.8   4   0   0.53785    14.647   0    15.664
4.8   4   2.2   0.15189    3.323   0    3.9286
4.8   4   4.4   0.17016    4.1742   0    4.3679
4.8   4   6.6   0.14701    2.6056   0    3.1216
4.8   4   8.8   0.17207    4.8146   0    5.0005
4.8   4   11   0.076994    3.3379   0    3.6893
4.8   4   13.2   0.15748    3.9374   0    4.1238
4.8   4   15.4   0.11834    5.4271   0    5.5859
4.8   4   17.6   0.11303    2.8964   0    3.2103
4.8   4   19.8   0.1349    6.1471   0    6.2988
4.8   4   22   0.088776    5.1229   0    5.3978
4.8   5   0   0.57041    12.325   0    13.428
4.8   5   2.2   0.16659    2.0642   0    2.3618
4.8   5   4.4   0.14304    2.2211   0    2.4306
4.8   5   6.6   0.15507    1.6665   0    1.8493
4.8   5   8.8   0.17578    4.0713   0    4.353
4.8   5   11   0.10052    1.5436   0    1.6471
4.8   5   13.2   0.14052    3.5924   0    3.847
4.8   5   15.4   0.13216    3.4922   0    3.6396
4.8   5   17.6   0.12697    2.2406   0    2.4209
4.8   5   19.8   0.14431    5.3991   0    5.6188
4.8   5   22   0.11909    4.3629   0    4.5465
4.8   6   0   0.49869    10.549   0    11.55
4.8   6   2.2   0.17449    1.9427   0    2.3538
4.8   6   4.4   0.1579    1.3499   0    1.5403
4.8   6   6.6   0.1371    1.2011   0    1.4193
4.8   6   8.8   0.12072    1.9597   0    2.1563
4.8   6   11   0.13963    0.77277   0    0.92239
4.8   6   13.2   0.12418    2.6205   0    2.881
4.8   6   15.4   0.10695    1.4637   0    1.5839
4.8   6   17.6   0.12315    1.8097   0    2.0285
4.8   6   19.8   0.11504    3.3918   0    3.5909
4.8   6   22   0.11824    3.57   0    3.79
4.8   7   0   0.38379    9.3846   0    10.267
4.8   7   2.2   0.17194    3.164   0    3.7297
4.8   7   4.4   0.2045    2.5714   0    2.8271
4.8   7   6.6   0.16822    2.1775   0    2.4631
4.8   7   8.8   0.1422    1.8285   0    2.0313
4.8   7   11   0.20643    2.1076   0    2.3678
4.8   7   13.2   0.12438    2.5463   0    2.8107
4.8   7   15.4   0.15339    1.8394   0    2.0253
4.8   7   17.6   0.15481    2.64   0    2.9247
4.8   7   19.8   0.12228    2.984   0    3.218
4.8   7   22   0.16129    4.5906   0    4.9025
4.8   8   0   0.3321    9.0751   0    9.9208
4.8   8   2.2   0.19105    3.6488   0    4.1479
4.8   8   4.4   0.2195    3.4988   0    3.8497
4.8   8   6.6   0.19228    3.249   0    3.6328
4.8   8   8.8   0.20705    2.9104   0    3.2293
4.8   8   11   0.22823    3.4604   0    3.8598
4.8   8   13.2   0.15102    3.1562   0    3.4957
4.8   8   15.4   0.20215    2.9936   0    3.3277
4.8   8   17.6   0.18145    3.608   0    4.008
4.8   8   19.8   0.16304    3.733   0    4.0677
4.8   8   22   0.20312    6.1483   0    6.5813
4.8   9   0   0.29248    9.2745   0    10.017
4.8   9   2.2   0.15696    3.673   0    4.0839
4.8   9   4.4   0.19029    3.9127   0    4.2949
4.8   9   6.6   0.20218    3.423   0    3.8008
4.8   9   8.8   0.21987    3.5756   0    3.9521
4.8   9   11   0.21846    3.7938   0    4.2256
4.8   9   13.2   0.18318    3.4138   0    3.7523
4.8   9   15.4   0.23246    3.5463   0    3.9484
4.8   9   17.6   0.18788    3.7061   0    4.1027
4.8   9   19.8   0.20419    4.0239   0    4.4006
4.8   9   22   0.22433    6.7385   0    7.1872
4.8   10   0   0.2433    8.958   0    9.6151
4.8   10   2.2   0.13559    4.0909   0    4.4332
4.8   10   4.4   0.19735    4.2145   0    4.5701
4.8   10   6.6   0.19007    3.7351   0    4.0959
4.8   10   8.8   0.22224    4.2144   0    4.6171
4.8   10   11   0.23292    3.8041   0    4.1921
4.8   10   13.2   0.19382    3.9186   0    4.2969
4.8   10   15.4   0.23812    3.9509   0    4.3576
4.8   10   17.6   0.21885    3.8119   0    4.1864
4.8   10   19.8   0.21726    4.3276   0    4.7225
4.8   10   22   0.25537    6.8987   0    7.3362
5.4   0   0   0.47614    44.713   0    46.159
5.4   0   2.2   0.41613    35.222   0    36.72
5.4   0   4.4   0.46934    24.633   0    25.932
5.4   0   6.6   0.50001    39.444   0    40.63
5.4   0   8.8   0.46793    24.602   0    26.152
5.4   0   11   0.4617    34.332   0    35.539
5.4   0   13.2   0.39478    28.268   0    29.477
5.4   0   15.4   0.44687    26.565   0    27.966
5.4   0   17.6   0.44627    34.145   0    35.279
5.4   0   19.8   0.42018    26.503   0    27.879
5.4   0   22   0.44423    32.838   0    34.055
5.4   1   0   0.9316    59.772   0    62.979
5.4   1   2.2   0.49964    40.021   0    41.539
5.4   1   4.4   0.56845    36.309   0    37.467
5.4   1   6.6   0.7704    46.107   0    48.343
5.4   1   8.8   0.42663    32.163   0    33.534
5.4   1   11   0.78864    47.376   0    49.784
5.4   1   13.2   0.47103    35.368   0    36.741
5.4   1   15.4   0.60415    38.704   0    40.078
5.4   1   17.6   0.60467    42.714   0    44.467
5.4   1   19.8   0.50712    35.702   0    37.09
5.4   1   22   0.65183    44.006   0    46.053
5.4   2   0   1.0735    39.59   0    42.396
5.4   2   2.2   0.41327    18.957   0    21.13
5.4   2   4.4   0.58351    20.298   0    21.964
5.4   2   6.6   0.60699    20.744   0    22.781
5.4   2   8.8   0.37815    16.22   0    17.938
5.4   2   11   0.71262    25.843   0    27.716
5.4   2   13.2   0.37598    16.379   0    18.212
5.4   2   15.4   0.60731    22.145   0    23.973
5.4   2   17.6   0.51397    20.083   0    21.86
5.4   2   19.8   0.48214    18.88   0    20.704
5.4   2   22   0.58144    23.567   0    25.356
5.4   3   0   0.73562    21.032   0    23.336
5.4   3   2.2   0.16596    6.5282   0    7.4683
5.4   3   4.4   0.28782    7.8928   0    8.4115
5.4   3   6.6   0.21734    5.6642   0    6.4486
5.4   3   8.8   0.18691    6.3007   0    6.8005
5.4   3   11   0.23991    8.7986   0    9.2391
5.4   3   13.2   0.1915    5.642   0    6.2018
5.4   3   15.4   0.24717    9.3335   0    9.7851
5.4   3   17.6   0.16864    5.8943   0    6.4333
5.4   3   19.8   0.21168    8.2038   0    8.7049
5.4   3   22   0.19162    8.8176   0    9.2414
5.4   4   0   0.59898    15.13   0    16.279
5.4   4   2.2   0.19724    3.9619   0    4.6684
5.4   4   4.4   0.17906    4.4836   0    4.8675
5.4   4   6.6   0.21424    3.2306   0    3.9139
5.4   4   8.8   0.16732    5.4731   0    5.7119
5.4   4   11   0.11379    3.7758   0    4.2757
5.4   4   13.2   0.19365    4.709   0    5.0344
5.4   4   15.4   0.14492    5.7575   0    6.0651
5.4   4   17.6   0.17601    3.5172   0    3.991
5.4   4   19.8   0.1578    6.7354   0    7.0078
5.4   4   22   0.1325    5.5548   0    5.9937
5.4   5   0   0.60527    12.848   0    14.048
5.4   5   2.2   0.20504    2.6502   0    3.1372
5.4   5   4.4   0.16703    2.6993   0    2.965
5.4   5   6.6   0.18186    2.2904   0    2.5514
5.4   5   8.8   0.16976    4.4154   0    4.7349
5.4   5   11   0.13515    2.0988   0    2.2584
5.4   5   13.2   0.16238    4.2495   0    4.5841
5.4   5   15.4   0.12114    3.8557   0    4.0322
5.4   5   17.6   0.15161    2.8766   0    3.1341
5.4   5   19.8   0.14155    5.8187   0    6.0848
5.4   5   22   0.12909    4.845   0    5.081
5.4   6   0   0.50801    11.179   0    12.243
5.4   6   2.2   0.19056    2.5734   0    3.1766
5.4   6   4.4   0.19453    1.9882   0    2.2797
5.4   6   6.6   0.17502    1.8017   0    2.1021
5.4   6   8.8   0.12828    2.3219   0    2.5552
5.4   6   11   0.1785    1.4276   0    1.6579
5.4   6   13.2   0.14352    3.1253   0    3.449
5.4   6   15.4   0.12013    2.0006   0    2.1678
5.4   6   17.6   0.15887    2.4144   0    2.7148
5.4   6   19.8   0.12059    3.8013   0    4.0438
5.4   6   22   0.14581    4.1253   0    4.4091
5.4   7   0   0.38947    10.007   0    10.978
5.4   7   2.2   0.20437    3.7654   0    4.4903
5.4   7   4.4   0.24356    3.2546   0    3.6369
5.4   7   6.6   0.21795    2.8187   0    3.1922
5.4   7   8.8   0.18397    2.4468   0    2.7343
5.4   7   11   0.25866    2.8336   0    3.196
5.4   7   13.2   0.15629    3.1325   0    3.4662
5.4   7   15.4   0.19147    2.5331   0    2.8368
5.4   7   17.6   0.20286    3.293   0    3.6683
5.4   7   19.8   0.15248    3.5869   0    3.8862
5.4   7   22   0.20912    5.2761   0    5.6778
5.4   8   0   0.32375    9.6924   0    10.584
5.4   8   2.2   0.21861    4.2057   0    4.8258
5.4   8   4.4   0.27564    4.2715   0    4.72
5.4   8   6.6   0.24486    3.8923   0    4.3558
5.4   8   8.8   0.2455    3.6518   0    4.0577
5.4   8   11   0.29059    4.187   0    4.6867
5.4   8   13.2   0.19362    3.8082   0    4.225
5.4   8   15.4   0.26126    3.7765   0    4.204
5.4   8   17.6   0.23306    4.2712   0    4.7589
5.4   8   19.8   0.2105    4.4019   0    4.8249
5.4   8   22   0.26042    6.8511   0    7.393
5.4   9   0   0.27221    9.7829   0    10.604
5.4   9   2.2   0.21858    4.2584   0    4.7742
5.4   9   4.4   0.24262    4.7166   0    5.1822
5.4   9   6.6   0.26037    4.1302   0    4.5857
5.4   9   8.8   0.25989    4.3941   0    4.8689
5.4   9   11   0.27611    4.4975   0    5.0126
5.4   9   13.2   0.2384    4.1674   0    4.5933
5.4   9   15.4   0.29203    4.3575   0    4.8506
5.4   9   17.6   0.24165    4.4163   0    4.8978
5.4   9   19.8   0.2625    4.7649   0    5.2342
5.4   9   22   0.28386    7.4552   0    8.0047
5.4   10   0   0.24367    9.3261   0    10.104
5.4   10   2.2   0.19147    4.8082   0    5.2303
5.4   10   4.4   0.25183    4.9819   0    5.4166
5.4   10   6.6   0.22769    4.5311   0    5.0639
5.4   10   8.8   0.2742    5.0913   0    5.5973
5.4   10   11   0.27296    4.589   0    5.062
5.4   10   13.2   0.2325    4.6924   0    5.2684
5.4   10   15.4   0.28161    4.799   0    5.2994
5.4   10   17.6   0.25077    4.6527   0    5.1338
5.4   10   19.8   0.25673    5.1589   0    5.657
5.4   10   22   0.29172    7.7053   0    8.2577
6   0   0   0.51972    46.382   0    47.978
6   0   2.2   0.41477    35.934   0    37.578
6   0   4.4   0.4239    25.406   0    26.797
6   0   6.6   0.52062    40.415   0    41.734
6   0   8.8   0.45666    25.357   0    26.996
6   0   11   0.45281    35.577   0    36.921
6   0   13.2   0.37362    29.049   0    30.367
6   0   15.4   0.4272    27.472   0    28.964
6   0   17.6   0.42131    35.06   0    36.3
6   0   19.8   0.39996    27.285   0    28.745
6   0   22   0.42653    33.619   0    34.953
6   1   0   1.0479    61.132   0    64.614
6   1   2.2   0.54031    40.493   0    42.285
6   1   4.4   0.62022    37.129   0    38.45
6   1   6.6   0.82755    46.594   0    48.939
6   1   8.8   0.4676    32.717   0    34.245
6   1   11   0.84828    48.19   0    50.718
6   1   13.2   0.53166    35.881   0    37.43
6   1   15.4   0.67533    39.49   0    41.046
6   1   17.6   0.65389    43.286   0    45.129
6   1   19.8   0.57516    36.285   0    37.857
6   1   22   0.7172    44.547   0    46.686
6   2   0   1.1845    40.094   0    43.274
6   2   2.2   0.43105    19.52   0    22.007
6   2   4.4   0.60733    20.665   0    22.583
6   2   6.6   0.60982    20.994   0    23.344
6   2   8.8   0.42356    16.648   0    18.604
6   2   11   0.71864    25.93   0    28.066
6   2   13.2   0.41709    16.764   0    18.898
6   2   15.4   0.63139    22.467   0    24.553
6   2   17.6   0.51376    20.284   0    22.35
6   2   19.8   0.51655    19.224   0    21.341
6   2   22   0.59548    23.582   0    25.643
6   3   0   0.78726    21.72   0    24.002
6   3   2.2   0.20904    7.1629   0    8.3345
6   3   4.4   0.2907    8.2527   0    8.8451
6   3   6.6   0.26798    6.2222   0    7.2518
6   3   8.8   0.20762    6.9419   0    7.535
6   3   11   0.25212    9.0339   0    9.6943
6   3   13.2   0.22928    6.2851   0    7.0224
6   3   15.4   0.26855    9.7157   0    10.227
6   3   17.6   0.21059    6.3636   0    7.1271
6   3   19.8   0.25889    8.7996   0    9.3933
6   3   22   0.21726    9.062   0    9.6875
6   4   0   0.66391    15.71   0    16.992
6   4   2.2   0.21008    4.6679   0    5.475
6   4   4.4   0.20508    4.9028   0    5.459
6   4   6.6   0.23858    3.9201   0    4.7245
6   4   8.8   0.1814    6.1423   0    6.4525
6   4   11   0.15985    4.3266   0    4.9102
6   4   13.2   0.2271    5.5195   0    5.9832
6   4   15.4   0.15645    6.1845   0    6.6266
6   4   17.6   0.21192    4.2112   0    4.8291
6   4   19.8   0.17363    7.3509   0    7.7574
6   4   22   0.17854    6.077   0    6.6616
6   5   0   0.64092    13.51   0    14.791
6   5   2.2   0.23101    3.3232   0    3.9727
6   5   4.4   0.2063    3.2881   0    3.6146
6   5   6.6   0.2248    2.968   0    3.3121
6   5   8.8   0.17905    4.8283   0    5.1874
6   5   11   0.16872    2.6558   0    2.9683
6   5   13.2   0.19988    4.9426   0    5.361
6   5   15.4   0.12838    4.3317   0    4.545
6   5   17.6   0.19324    3.569   0    3.9105
6   5   19.8   0.15543    6.3048   0    6.624
6   5   22   0.15663    5.4047   0    5.7016
6   6   0   0.52211    11.937   0    13.053
6   6   2.2   0.21951    3.2867   0    4.0484
6   6   4.4   0.2233    2.6456   0    3.1108
6   6   6.6   0.22588    2.4789   0    2.862
6   6   8.8   0.15246    2.8229   0    3.0985
6   6   11   0.21747    2.0958   0    2.489
6   6   13.2   0.17662    3.719   0    4.1084
6   6   15.4   0.15022    2.5908   0    2.8922
6   6   17.6   0.20847    3.0978   0    3.4828
6   6   19.8   0.14259    4.3317   0    4.6242
6   6   22   0.1885    4.7753   0    5.1292
6   7   0   0.40286    10.662   0    11.762
6   7   2.2   0.24812    4.4195   0    5.2677
6   7   4.4   0.29307    3.9763   0    4.502
6   7   6.6   0.27789    3.5266   0    3.9865
6   7   8.8   0.22668    3.0801   0    3.5421
6   7   11   0.3092    3.6141   0    4.0861
6   7   13.2   0.20119    3.8127   0    4.2188
6   7   15.4   0.22077    3.2649   0    3.7378
6   7   17.6   0.26228    4.014   0    4.4813
6   7   19.8   0.19689    4.2873   0    4.6547
6   7   22   0.26908    6.028   0    6.5185
6   8   0   0.32601    10.31   0    11.303
6   8   2.2   0.25725    4.8357   0    5.5459
6   8   4.4   0.34038    5.0958   0    5.6418
6   8   6.6   0.30602    4.6037   0    5.1455
6   8   8.8   0.28665    4.3847   0    4.955
6   8   11   0.36035    4.9604   0    5.5579
6   8   13.2   0.24769    4.5511   0    5.0447
6   8   15.4   0.31282    4.6214   0    5.1433
6   8   17.6   0.29382    5.0052   0    5.5776
6   8   19.8   0.26881    5.1496   0    5.6578
6   8   22   0.32655    7.6051   0    8.2504
6   9   0   0.26983    10.326   0    11.235
6   9   2.2   0.2436    4.9613   0    5.5513
6   9   4.4   0.30323    5.5632   0    6.1105
6   9   6.6   0.2953    4.9269   0    5.4586
6   9   8.8   0.3096    5.2051   0    5.841
6   9   11   0.34144    5.2644   0    5.858
6   9   13.2   0.27495    4.9404   0    5.5192
6   9   15.4   0.33472    5.2274   0    5.8099
6   9   17.6   0.30546    5.2136   0    5.777
6   9   19.8   0.29793    5.5725   0    6.1379
6   9   22   0.35211    8.2298   0    8.8796
6   10   0   0.26514    9.7579   0    10.626
6   10   2.2   0.23904    5.6785   0    6.1542
6   10   4.4   0.31545    5.7853   0    6.3008
6   10   6.6   0.27764    5.3784   0    6.0863
6   10   8.8   0.33498    5.9554   0    6.6116
6   10   11   0.31213    5.4344   0    5.9943
6   10   13.2   0.28238    5.545   0    6.2857
6   10   15.4   0.33313    5.6603   0    6.2863
6   10   17.6   0.29365    5.4878   0    6.1429
6   10   19.8   0.30553    5.9701   0    6.6383
6   10   22   0.33752    8.5399   0    9.2172
